lab_6

start_pos = 0 -0.201779 -0.208477
start_dir = 0 1.5 -1

pause = 1
diffuse = 0.9
time_elapsed = 4.57572
speed = 0.5
light_speed = 0.2
light_pos = 1 1 1
